100000003 0.192239865661 479.1 336.1 469.9 353.4 334.5 327.2 343.7 309.9
100000625 0.302275657654 1203.4 362.8 961.4 515.8 915.6 481.1 1157.6 328.0
100000625 0.271831989288 616.5 811.7 563.1 823.6 404.5 618.2 457.9 606.2
100000625 0.252180933952 255.1 299.2 199.8 310.5 33.5 91.8 88.9 80.6
100000626 0.275422781706 391.9 349.5 371.0 381.5 98.0 276.0 118.8 244.1
100000630 0.289427131414 925.3 683.8 880.2 708.1 661.4 539.6 706.6 515.3
100000634 0.248067185283 313.0 745.3 286.3 750.0 266.4 677.9 293.0 673.3
100000634 0.215417429805 764.0 251.0 749.4 314.5 301.3 290.6 315.8 227.0
100000634 0.209074467421 284.7 736.2 267.1 746.9 253.5 688.3 271.1 677.6
100000634 0.188716724515 693.9 88.0 693.9 131.0 374.1 105.0 374.1 62.0
100000635 0.300281614065 863.9 110.0 702.2 339.3 644.8 322.7 806.5 93.4
100000645 0.282406657934 538.8 429.8 507.3 694.0 443.8 691.1 475.2 426.9
100000645 0.216335460544 912.0 76.1 876.9 314.5 819.3 311.7 854.3 73.4
100000645 0.186040580273 474.7 199.7 297.7 674.7 164.2 650.5 341.2 175.4
100000645 0.183934628963 868.6 504.8 834.9 709.5 786.5 700.7 820.1 496.0
100000647 0.255595177412 737.8 386.4 731.1 438.1 348.7 406.6 355.5 355.0
100000648 0.290314257145 629.3 621.3 620.3 761.7 586.2 691.9 595.3 551.6
100000648 0.228139027953 673.5 60.6 649.5 331.0 584.7 321.9 608.8 51.5
100000648 0.217435255647 265.9 525.0 239.8 768.9 183.0 766.1 209.1 522.2
100000650 0.258897095919 888.6 112.6 735.2 150.5 733.1 136.5 886.6 98.6
100000650 0.240586757660 906.0 513.2 861.4 519.6 765.4 347.3 810.0 340.9
100000650 0.186506792903 804.6 316.8 759.5 318.1 679.0 139.9 724.1 138.6
100000653 0.283762037754 718.9 224.1 688.8 460.8 632.4 457.6 662.6 220.9
100000653 0.246035933495 649.2 501.4 620.5 696.3 574.6 692.3 603.3 497.4
100000654 0.338636577129 1087.2 192.8 1050.1 229.4 749.6 69.4 786.7 32.8
100000654 0.185170203447 380.1 278.2 355.4 301.6 191.1 223.0 215.8 199.6
100000656 0.353325635195 915.9 387.5 885.7 410.2 688.1 303.8 718.3 281.1
100000656 0.321131736040 625.3 214.4 595.3 237.4 394.5 120.8 424.5 97.8
100000656 0.257385700941 675.8 763.8 604.1 816.7 209.0 523.5 280.6 470.5
100000656 0.197797089815 431.7 408.9 424.6 429.9 283.0 395.3 290.0 374.2
100000658 0.325695037842 882.0 348.3 863.0 386.8 542.4 293.3 561.4 254.8
100000658 0.288531273603 855.7 193.9 839.5 221.8 616.4 158.1 632.6 130.2
100000658 0.225337073207 1047.8 263.6 1036.8 289.2 835.9 255.4 846.9 229.8
100000658 0.190220907331 880.3 554.1 833.0 607.7 819.6 600.3 866.9 546.6
100000659 0.229890733957 559.7 424.8 520.8 441.3 367.4 300.2 406.4 283.7
100000661 0.290412485600 650.2 31.0 513.5 200.5 474.4 187.3 611.1 17.8
100000661 0.282106101513 613.2 580.6 457.6 751.6 416.6 735.7 572.2 564.7
100000663 0.310073912144 679.6 121.9 479.6 244.3 446.3 219.3 646.4 96.9
100000663 0.238771989942 827.5 592.3 546.0 641.2 538.1 605.5 819.6 556.6
100000672 0.298130035400 801.0 628.4 755.3 824.2 714.2 816.7 759.8 620.9
100000672 0.248561248183 744.8 523.7 744.8 574.2 386.2 574.2 386.2 523.7
100000673 0.244962856174 574.3 602.4 540.1 623.4 342.2 479.9 376.4 458.9
100000674 0.310122042894 1063.2 272.5 1055.6 318.7 687.6 268.4 695.2 222.2
100000674 0.304373472929 979.8 683.4 973.3 720.4 671.9 686.2 678.4 649.2
100000676 0.196220934391 467.3 374.2 361.2 748.4 276.5 736.9 382.6 362.7
100000677 0.210933849216 475.9 335.0 321.5 569.3 261.7 550.5 416.0 316.2
100000679 0.310985416174 200.2 182.8 158.3 199.9 -26.9 20.6 14.9 3.4
100000679 0.301044553518 592.8 557.2 543.7 575.2 338.6 355.4 387.7 337.4
100000679 0.254380971193 845.9 202.4 801.0 220.7 601.1 20.7 646.0 2.3
100000679 0.238594323397 794.1 456.6 721.9 570.0 696.7 563.7 768.9 450.3
100000679 0.209607675672 900.1 277.1 828.5 446.9 789.7 440.8 861.4 271.0
100000685 0.363329380751 1178.1 41.3 738.0 200.8 715.1 152.1 1155.1 -7.3
100000685 0.247520551085 543.6 783.7 492.3 814.8 238.0 593.2 289.3 562.1
100000685 0.238607630134 313.7 777.9 269.2 804.6 44.7 630.8 89.2 604.1
100000686 0.199111193419 1067.3 738.5 995.3 753.2 817.4 471.5 889.4 456.7
100000688 0.197268232703 587.0 -45.4 271.0 290.4 179.8 252.6 495.8 -83.2
100000688 0.196608930826 338.6 347.5 174.4 420.3 164.4 402.9 328.6 330.0
100000690 0.251494616270 748.5 255.9 645.1 534.6 582.1 524.8 685.5 246.2
100000696 0.252579212189 719.1 656.5 719.3 695.6 427.6 671.7 427.4 632.7
100000698 0.211212232709 290.6 394.0 248.4 553.4 205.3 545.7 247.4 386.3
100000700 0.313813686371 693.7 81.5 346.8 617.8 187.9 572.3 534.8 36.1
100000700 0.301080852747 956.5 659.9 845.8 772.1 816.4 763.3 927.1 651.1
100000700 0.278942614794 1103.6 520.4 1004.3 621.0 982.8 612.8 1082.1 512.2
100000702 0.187810942531 741.9 580.7 680.9 754.7 634.7 744.6 695.7 570.6
100000706 0.316652923822 397.4 816.4 351.0 824.5 273.2 689.8 319.6 681.6
100000706 0.289918810129 258.3 651.3 217.6 659.0 128.9 526.6 169.6 519.0
100000706 0.232836574316 1029.9 725.6 867.9 792.7 462.2 310.1 624.3 243.0
100000706 0.216096311808 102.1 462.7 77.9 472.2 13.6 387.9 37.8 378.5
100000707 0.243930041790 511.6 301.7 294.7 472.9 229.1 444.0 446.0 272.7
100000708 0.212520226836 603.1 450.3 548.0 475.3 363.6 469.6 418.7 444.6
100000713 0.277482926846 762.1 332.9 629.8 538.1 580.8 519.6 713.1 314.4
100000713 0.184879183769 634.7 424.9 565.6 485.6 544.6 477.5 613.7 416.8
100000716 0.275799959898 487.2 260.7 233.3 317.4 226.4 290.4 480.2 233.7
100000718 0.277629315853 810.8 138.7 176.6 460.6 91.0 371.5 725.2 49.6
100000720 0.221213668585 717.8 165.1 718.4 229.3 246.7 196.0 246.0 131.8
100000722 0.217819437385 430.2 182.4 381.0 353.6 347.1 345.5 396.3 174.4
100000722 0.201528474689 293.6 577.7 256.2 646.6 235.0 638.2 272.4 569.3
100000725 0.219719186425 386.7 10.3 117.0 334.7 26.2 295.2 295.9 -29.2
100000728 0.368741363287 396.2 360.4 63.6 504.5 38.3 471.1 370.9 326.9
100000728 0.351072907448 770.0 206.4 466.8 370.4 438.2 339.4 741.4 175.4
100000728 0.232245266438 976.6 105.9 853.5 162.5 842.5 149.9 965.6 93.3
100000728 0.224307626486 1182.3 492.8 1108.1 497.8 968.1 205.9 1042.3 200.8
100000729 0.250168710947 837.9 645.7 752.7 648.3 615.1 330.9 700.3 328.3
100000729 0.212033554912 647.4 233.1 576.4 239.1 424.1 -38.6 495.0 -44.6
100000731 0.260266512632 977.7 616.3 943.0 615.5 894.3 464.6 929.1 465.4
100000731 0.184361249208 349.1 567.1 300.9 562.6 253.3 378.0 301.6 382.5
100000732 0.492889821529 881.0 523.0 345.2 639.8 324.2 583.6 860.0 466.8
100000732 0.300758004189 910.0 442.8 344.5 541.1 328.7 473.2 894.2 374.9
100000735 0.362225502729 681.4 282.7 677.6 329.7 303.4 274.2 307.2 227.2
100000736 0.232273668051 864.7 274.8 774.3 592.3 707.0 581.9 797.3 264.5
100000736 0.218926027417 591.4 25.9 473.1 337.8 403.1 326.6 521.4 14.6
100000736 0.212859004736 406.2 334.4 326.0 582.2 275.9 574.5 356.0 326.7
100000739 0.274390727282 422.4 382.0 340.9 395.2 149.7 63.9 231.3 50.8
100000740 0.366291940212 597.5 313.2 304.8 556.8 256.5 522.3 549.1 278.7
100000745 0.241169050336 890.9 391.8 569.6 661.0 499.5 620.4 820.7 351.2
100000746 0.260288119316 193.6 241.0 164.1 316.3 148.2 312.6 177.7 237.3
100000746 0.250330567360 145.6 335.2 118.4 411.0 99.6 406.7 126.8 330.9
100000746 0.219973757863 210.9 487.2 203.0 502.0 105.7 476.9 113.6 462.0
100000747 0.239524498582 999.0 316.4 999.4 364.5 635.6 330.2 635.2 282.1
100000747 0.231093063951 661.2 215.1 661.9 258.8 333.7 237.4 333.0 193.7
100000747 0.222871288657 325.7 194.8 327.0 231.9 23.9 201.9 22.5 164.8
100000751 0.344078630209 937.4 596.6 881.9 616.9 646.0 369.7 701.5 349.3
100000751 0.293550282717 600.7 269.8 545.4 291.6 315.1 61.9 370.4 40.1
100000752 0.299011200666 670.4 566.4 473.5 774.0 420.4 755.4 617.3 547.8
100000763 0.392540216446 775.1 452.4 514.7 626.4 480.0 600.6 740.4 426.6
100000763 0.322816282511 536.2 38.4 345.6 251.8 297.4 233.4 488.0 20.0
100000763 0.310786217451 492.9 654.2 225.4 833.2 184.0 807.8 451.4 628.8
100000763 0.297564864159 1067.2 264.4 800.7 447.8 766.8 421.9 1033.3 238.5
100000763 0.258588671684 282.0 297.6 86.0 509.1 38.4 489.0 234.3 277.4
100000771 0.323673516512 914.6 74.6 420.4 136.8 411.2 83.0 905.4 20.7
100000771 0.293129235506 737.3 650.3 424.9 682.6 326.4 662.0 638.7 629.7
100000773 0.246029153466 766.6 -23.5 734.6 164.6 698.7 159.5 730.6 -28.7
100000773 0.205371797085 281.5 354.4 244.3 375.9 241.6 197.4 278.8 175.9
100000773 0.198992148042 719.0 219.2 678.2 509.7 620.5 501.8 661.3 211.3
100000774 0.233751207590 312.6 255.6 270.9 275.7 68.9 99.3 110.7 79.2
100000774 0.207772895694 945.6 482.7 896.1 759.6 830.5 756.6 880.0 479.7
100000776 0.352526098490 327.7 451.0 112.5 774.0 39.7 752.9 254.8 429.9
100000776 0.288976550102 633.9 49.1 471.8 396.3 387.7 376.5 549.8 29.3
100000778 0.277412861586 470.3 516.1 414.8 544.1 159.0 316.6 214.5 288.5
100000779 0.362772434950 1017.3 26.1 900.7 255.2 851.5 245.8 968.2 16.7
100000779 0.313158839941 899.7 349.6 747.7 620.6 685.9 605.5 837.8 334.5
100000779 0.265481054783 636.7 56.7 531.0 199.9 496.9 185.2 602.6 42.0
100000779 0.230623379350 651.4 132.9 575.2 225.7 554.1 219.7 630.3 126.9
100000779 0.207800477743 808.4 3.3 718.9 101.3 699.8 94.7 789.3 -3.3
100000785 0.330549299717 424.9 118.5 265.3 475.5 185.5 457.8 345.1 100.8
100000789 0.366170018911 743.4 83.5 445.6 202.9 423.6 171.3 721.3 51.9
100000790 0.278722554445 601.1 509.6 323.9 613.9 308.5 584.7 585.7 480.4
100000792 0.321795105934 423.8 226.2 166.2 499.7 95.6 466.5 353.2 193.1
100000792 0.257830858231 1019.8 337.4 788.7 631.8 712.1 603.8 943.3 309.5
100000794 0.256437212229 649.9 224.2 649.9 280.0 255.2 280.0 255.2 224.2
100000794 0.241932526231 695.6 303.6 665.5 347.1 296.2 341.5 326.3 298.0
100000800 0.202105954289 646.1 284.8 607.1 354.7 587.7 191.6 626.6 121.7
100000800 0.188875183463 682.7 713.1 630.0 709.8 599.6 484.3 652.3 487.6
100000802 0.315766870975 545.7 668.6 498.7 694.8 252.7 493.5 299.7 467.3
100000802 0.296983152628 790.6 461.4 711.0 566.4 684.6 559.3 764.3 454.3
100000802 0.192948609591 94.1 264.0 49.7 305.6 42.8 293.0 87.3 251.4
100000803 0.318242073059 381.7 508.3 341.0 530.6 149.0 346.3 189.7 324.0
100000804 0.368745386600 432.9 418.8 215.5 808.2 114.6 783.3 331.9 393.9
100000805 0.296612441540 575.3 73.3 265.2 596.7 112.0 561.4 422.1 37.9
100000807 0.249430641532 427.7 183.3 338.5 557.2 244.0 544.4 333.3 170.5
100000811 0.202207908034 761.7 332.1 394.5 580.9 314.3 525.2 681.5 276.4
100000812 0.214201778173 705.0 493.5 633.3 543.5 298.6 266.0 370.2 216.1
100000814 0.336480498314 374.8 340.1 203.3 585.1 155.2 562.6 326.8 317.6
100000814 0.300860375166 648.0 94.8 478.4 339.0 429.7 318.6 599.3 74.5
100000814 0.286546736956 851.0 344.8 695.2 640.1 638.4 620.5 794.2 325.2
100000815 0.317765861750 614.8 61.9 444.8 308.0 390.0 290.0 560.0 43.8
100000815 0.314628154039 402.5 332.2 174.0 635.9 107.7 610.9 336.2 307.2
100000815 0.263834953308 1083.9 64.0 946.4 355.6 888.8 341.1 1026.2 49.4
100000815 0.260794728994 907.4 380.2 754.5 650.8 697.0 635.2 850.0 364.7
100000817 0.395332574844 603.5 717.1 174.9 813.5 164.2 769.0 592.9 672.5
100000817 0.354028314352 988.7 585.0 635.0 685.2 622.0 646.6 975.7 546.4
100000817 0.199551671743 945.5 152.3 921.2 155.2 893.9 49.7 918.3 46.8
100000824 0.261036425829 281.5 384.6 234.7 685.8 173.1 681.4 220.0 380.3
100000824 0.231348857284 304.8 47.5 266.6 325.1 208.8 313.9 247.0 36.2
100000825 0.314593762159 836.3 114.0 834.0 155.7 514.9 148.9 517.2 107.3
100000825 0.303540617228 497.0 89.9 495.8 128.9 196.5 120.9 197.7 81.8
100000825 0.258595317602 357.3 433.8 352.5 472.8 38.9 434.4 43.7 395.4
100000825 0.192327246070 968.3 598.2 967.7 634.0 678.5 594.4 679.0 558.6
100000826 0.286982715130 771.7 355.5 702.5 379.8 453.7 95.7 522.9 71.3
100000826 0.264857888222 1051.5 655.2 1000.4 674.7 795.9 451.8 847.0 432.2
100000830 0.196600496769 585.0 216.6 475.1 577.3 392.1 564.3 501.9 203.7
100000832 0.235907405615 809.0 514.6 741.9 537.0 521.9 257.3 588.9 234.8
100000834 0.339218646288 838.5 230.3 838.0 269.6 517.3 249.6 517.8 210.2
100000834 0.282408058643 718.1 589.8 718.9 628.6 397.1 598.4 396.2 559.5
100000834 0.261868149042 1019.6 665.4 1016.5 702.5 701.2 673.6 704.3 636.5
100000834 0.230876922607 1183.5 209.1 1177.8 251.6 853.7 245.9 859.3 203.3
100000834 0.212522193789 431.3 519.7 429.4 562.7 79.8 516.0 81.7 473.1
100000834 0.202435657382 543.3 163.7 540.6 205.1 222.6 195.9 225.3 154.5
100000835 0.441871404648 782.3 369.5 509.4 623.7 453.7 595.1 726.7 340.8
100000835 0.411126881838 1090.7 112.2 850.3 365.2 791.8 340.6 1032.2 87.6
100000835 0.230994001031 415.6 603.8 408.3 645.1 93.9 637.3 101.2 596.1
100000836 0.424979448318 424.8 167.4 190.8 422.4 133.6 398.7 367.7 143.8
100000836 0.238102659583 1130.2 625.7 1066.8 647.1 829.5 389.0 892.9 367.6
100000836 0.209752038121 814.5 372.4 752.8 394.5 519.3 134.2 580.9 112.0
100000836 0.208020001650 854.6 338.9 787.1 358.4 570.1 102.9 637.6 83.5
100000842 0.286576896906 598.8 339.9 186.8 501.0 159.6 454.6 571.7 293.6
100000842 0.270948916674 1042.4 202.8 784.1 251.7 774.9 222.4 1033.2 173.6
100000844 0.317043960094 632.4 179.8 328.9 462.2 262.1 424.2 565.6 141.8
100000845 0.205528751016 346.9 148.5 302.1 449.9 226.3 437.9 271.0 136.5
100000846 0.274791896343 158.2 80.4 119.6 157.5 101.3 151.5 140.0 74.4
100000846 0.254018485546 120.1 156.6 83.1 242.2 62.3 239.1 99.4 153.4
100000848 0.315668165684 1033.1 628.5 1033.3 671.9 686.0 645.1 685.8 601.7
100000848 0.280757963657 1111.5 165.6 1067.4 197.4 810.8 197.2 854.9 165.4
100000848 0.269138872623 792.1 158.7 768.7 196.0 474.4 194.8 497.8 157.5
100000848 0.267929464579 640.1 557.5 639.1 595.0 334.6 568.9 335.5 531.4
100000848 0.219129055738 354.8 505.6 352.1 548.7 28.3 523.7 31.1 480.6
100000848 0.195728331804 264.1 463.9 256.0 491.7 46.3 472.1 54.5 444.3
100000849 0.329784452915 1015.3 58.0 789.6 343.0 717.7 318.7 943.4 33.8
100000849 0.250193059444 362.6 634.8 334.7 670.6 58.1 668.8 86.0 633.0
100000849 0.238896071911 680.9 368.0 467.9 628.1 407.6 608.7 620.6 348.7
100000850 0.344611287117 738.2 353.3 677.7 375.0 448.2 115.5 508.6 93.8
100000850 0.273260802031 1029.2 616.8 984.1 634.8 791.8 438.6 836.9 420.6
100000854 0.281076610088 983.0 424.0 533.8 762.8 427.2 696.7 876.3 357.8
100000854 0.219316095114 814.6 140.8 413.0 427.9 336.2 375.2 737.8 88.1
100000854 0.198725610971 310.0 732.0 196.3 827.4 176.6 817.6 290.3 722.2
100000855 0.317205667496 859.8 181.8 489.1 436.4 432.7 381.9 803.4 127.2
100000856 0.253164976835 1076.1 362.6 948.9 804.6 829.1 788.9 956.3 346.9
100000857 0.182328149676 752.2 481.7 668.2 519.9 396.2 228.1 480.1 189.9
100000858 0.284728497267 499.2 146.2 165.3 673.3 9.3 629.0 343.2 102.0
100000858 0.224340587854 1164.5 427.7 1125.3 707.3 1057.1 699.9 1096.3 420.3
100000862 0.239036977291 518.0 523.7 459.9 546.0 235.7 295.2 293.8 272.9
100000862 0.220238521695 807.4 822.2 758.6 839.6 569.1 630.2 618.0 612.8
100000863 0.310628473759 468.6 271.9 364.2 414.3 326.6 402.0 431.0 259.6
100000863 0.265583246946 397.1 501.6 198.6 780.5 124.2 759.6 322.6 480.7
100000865 0.207315146923 1081.0 67.0 972.6 471.0 870.4 458.9 978.7 54.8
100000865 0.194480523467 348.4 488.4 260.7 836.1 167.5 821.7 255.3 474.0
100000867 0.316280126572 471.2 45.3 356.8 460.9 242.8 441.7 357.2 26.2
100000867 0.180476590991 1034.4 298.9 863.6 720.6 755.2 698.0 925.9 276.2
100000871 0.204684183002 369.7 502.6 310.3 505.8 221.0 236.4 280.4 233.2
100000873 0.400165766478 645.1 515.6 298.3 714.1 256.0 676.0 602.7 477.5
100000873 0.390763223171 681.0 631.3 369.9 800.9 330.3 767.6 641.4 598.0
100000873 0.181960433722 1018.0 129.7 728.4 290.1 688.6 250.7 978.2 90.3
100000876 0.376073360443 392.1 126.0 172.7 204.6 159.3 182.0 378.8 103.5
100000881 0.209834799170 968.1 529.5 933.3 623.2 300.2 508.3 335.0 414.5
100000889 0.295272558928 657.2 228.0 640.0 241.8 572.1 235.6 589.3 221.9
100000889 0.198133707047 371.2 254.1 339.2 261.6 313.6 254.9 345.5 247.4
100000890 0.263121664524 1150.7 368.6 1141.6 434.7 648.3 407.4 657.4 341.3
100000890 0.246352672577 543.4 441.6 529.2 500.6 96.9 473.3 111.1 414.3
100000892 0.317103356123 784.0 379.8 516.2 731.9 418.7 700.1 686.5 348.1
100000892 0.291504472494 552.2 143.7 276.0 529.9 173.9 497.7 450.0 111.4
100000892 0.248777493834 551.3 277.8 451.1 415.7 412.2 407.1 512.4 269.2
100000898 0.273164212704 936.7 546.7 932.3 591.4 587.4 582.0 591.7 537.2
100000898 0.230318784714 955.6 419.6 953.4 460.9 627.1 451.6 629.3 410.3
100000904 0.327493011951 700.7 209.3 568.7 607.4 479.0 590.8 611.0 192.7
100000907 0.225325435400 643.5 484.5 565.8 486.8 470.3 187.8 548.1 185.5
100000907 0.186515226960 541.2 535.6 457.0 537.7 347.8 212.9 432.0 210.8
100000912 0.264388382435 760.1 7.5 643.6 421.9 543.7 410.2 660.3 -4.2
100000912 0.261222153902 309.2 254.7 208.5 599.5 126.6 590.6 227.3 245.8
100000912 0.247838392854 184.8 225.6 81.8 576.4 -3.1 564.6 99.8 213.8
100000913 0.259068250656 360.9 26.0 337.8 298.0 298.3 293.7 321.4 21.6
100000913 0.231088995934 355.1 401.3 306.2 753.4 251.7 743.9 300.6 391.8
100000914 0.242221742868 387.2 88.8 364.4 319.6 312.7 299.3 335.5 68.5
100000914 0.215189352632 578.8 423.1 512.7 770.4 427.8 756.7 494.0 409.5
100000914 0.197217568755 676.0 89.2 632.9 357.3 569.5 354.7 612.6 86.5
100000914 0.180202305317 644.3 502.3 608.0 737.1 554.1 730.6 590.4 495.8
100000920 0.272883683443 907.8 583.4 841.2 593.6 675.8 321.2 742.5 311.1
100000920 0.242053329945 713.3 323.0 646.5 332.4 481.0 61.1 547.8 51.7
100000920 0.194330260158 337.7 456.4 296.6 469.0 153.4 307.9 194.4 295.3
100000927 0.346214622259 276.9 107.0 79.6 435.3 -2.4 415.6 194.9 87.2
100000927 0.276028752327 330.1 155.0 144.6 469.5 63.5 450.4 249.0 135.9
100000927 0.262523055077 663.3 151.3 362.3 682.1 211.8 646.4 512.8 115.7
100000929 0.229602292180 182.5 20.2 181.9 52.7 -22.7 39.7 -22.1 7.2
100000931 0.288302332163 761.5 469.5 696.4 504.5 418.5 255.9 483.6 221.0
100000938 0.254234969616 868.0 318.7 656.2 647.0 571.5 623.1 783.4 294.8
100000939 0.222636446357 275.2 328.7 243.8 504.5 196.4 496.3 227.8 320.5
100000942 0.289550751448 714.7 447.8 170.9 528.5 161.3 463.3 705.2 382.5
100000942 0.180022433400 610.0 578.7 371.2 606.4 362.6 579.0 601.4 551.3
100000945 0.242678090930 493.6 265.0 488.0 321.6 146.1 275.6 151.7 219.0
100000946 0.275867462158 657.0 391.6 631.6 423.9 424.0 296.3 449.4 264.0
100000950 0.274681866169 283.4 351.0 269.7 366.1 233.0 323.3 246.7 308.2
100000950 0.226211205125 479.1 417.4 465.0 432.2 409.4 399.9 423.5 385.2
100000950 0.218983113766 382.3 326.6 367.3 334.7 327.1 286.9 342.0 278.9
100000950 0.210393831134 292.3 284.0 278.8 303.3 234.7 268.6 248.2 249.4
100000950 0.186519309878 391.3 253.8 372.9 266.8 308.4 208.4 326.8 195.4
100000950 0.181385591626 156.7 362.4 16.2 477.0 -2.8 460.7 137.7 346.1
100000951 0.208998084068 966.5 365.6 879.0 398.2 608.8 82.0 696.2 49.5
100000951 0.194645658135 527.3 739.5 448.6 770.0 176.4 460.7 255.1 430.2
100000952 0.219712972641 700.4 394.9 624.4 422.5 366.0 128.4 442.0 100.9
100000952 0.190896213055 922.6 225.2 887.1 237.0 776.8 98.9 812.3 87.1
100000952 0.188764795661 625.0 87.2 591.2 98.4 493.7 2.2 527.4 -9.0
100000954 0.332539975643 696.5 239.9 649.2 268.9 381.1 63.9 428.4 34.9
100000954 0.289348959923 1054.0 521.3 1004.2 545.0 769.4 333.4 819.2 309.7
100000954 0.281472027302 572.6 275.5 534.0 297.3 320.5 136.0 359.1 114.2
100000954 0.278387486935 405.0 552.3 361.1 577.4 129.1 393.1 172.9 368.0
100000954 0.193939954042 865.3 730.7 827.6 764.5 555.0 613.3 592.7 579.6
100000959 0.261282533407 967.3 713.8 886.7 746.6 587.1 447.5 667.6 414.7
100000959 0.190006524324 1018.9 635.8 1005.2 647.7 944.5 630.8 958.2 618.9
100000965 0.196461886168 365.7 622.9 344.3 624.1 337.3 527.9 358.7 526.7
100000965 0.191211462021 325.2 459.5 304.6 463.8 291.0 392.0 311.6 387.8
100000967 0.249426409602 879.3 198.3 708.5 603.5 598.2 584.8 768.9 179.6
100000967 0.244397610426 956.9 243.8 894.2 420.7 846.0 413.1 908.8 236.2
100000967 0.220885589719 782.1 159.2 696.5 366.3 651.1 359.9 736.7 152.8
100000967 0.208102390170 341.6 132.4 238.0 312.4 192.3 300.9 295.8 120.9
100000967 0.192218303680 735.7 16.6 670.9 177.3 634.8 172.8 699.6 12.1
100000975 0.254736989737 564.0 418.3 564.1 468.2 216.1 431.0 216.0 381.1
100000983 0.251979082823 544.6 98.8 428.0 417.9 344.9 405.4 461.5 86.3
100000983 0.233561605215 401.3 153.5 305.2 406.6 246.0 397.8 342.2 144.7
100000983 0.214362099767 759.7 237.4 619.0 561.5 538.0 549.6 678.7 225.5
100000984 0.326837658882 841.1 444.4 762.7 741.4 692.1 733.6 770.5 436.6
100000984 0.266474872828 420.1 298.6 308.1 615.5 230.5 602.9 342.5 286.1
100000984 0.259523898363 720.1 490.4 626.2 747.8 564.9 739.8 658.8 482.4
100000984 0.235572859645 528.5 341.7 410.5 652.2 338.4 639.9 456.4 329.4
100000989 0.214410737157 435.0 249.3 424.4 262.7 350.6 237.6 361.3 224.2
100000991 0.379250884056 606.4 157.0 367.0 651.5 230.6 623.4 470.0 128.9
100000996 0.195600241423 581.7 131.4 423.6 568.2 317.5 550.2 475.7 113.4
100000999 0.223479762673 739.9 528.1 643.6 536.3 505.4 182.3 601.7 174.1
100001000 0.321207076311 599.9 344.2 287.1 684.7 199.6 646.5 512.5 306.0
100001004 0.323354721069 868.7 419.7 806.6 446.1 525.7 184.9 587.8 158.4
100001004 0.265440493822 400.2 363.1 369.2 611.4 306.5 610.5 337.6 362.2
100001005 0.264838695526 763.7 539.9 699.2 728.9 656.5 722.1 721.0 533.2
100001005 0.223830625415 634.1 172.6 569.9 356.7 526.7 350.8 590.9 166.7
100001005 0.223357692361 495.4 388.0 448.6 562.0 402.4 553.8 449.2 379.8
100001005 0.217747330666 535.7 28.2 369.3 430.9 270.8 413.8 437.2 11.0
100001005 0.216923460364 654.2 326.9 575.6 485.0 533.5 477.1 612.1 319.0
100001013 0.296987921000 381.1 719.1 364.8 749.1 85.6 662.1 102.0 632.1
100001014 0.180453792214 840.3 350.2 783.9 407.5 402.0 198.3 458.4 141.0
100001017 0.314864635468 458.0 433.5 455.1 471.0 139.8 439.8 142.7 402.2
100001017 0.309937447309 1005.6 260.8 1002.7 298.8 693.4 268.4 696.3 230.4
100001017 0.300112009048 511.7 544.0 508.4 595.6 97.7 555.2 100.9 503.6
100001018 0.315779656172 548.0 208.0 546.3 252.7 180.2 214.9 181.9 170.3
100001018 0.288784235716 987.0 313.3 982.7 355.1 640.4 313.7 644.7 271.9
100001018 0.276431560516 575.8 98.3 572.0 142.2 229.1 116.8 232.9 73.0
100001018 0.209601029754 554.4 714.7 545.1 742.2 316.3 723.0 325.6 695.4
100001029 0.413550704718 842.7 245.5 477.6 509.0 415.9 462.4 781.1 198.9
100001029 0.371836781502 888.4 404.4 566.0 608.9 524.1 572.1 846.6 367.6
100001029 0.329108625650 743.5 186.6 395.3 434.9 335.4 390.1 683.6 141.9
100001032 0.275526553392 579.7 636.9 565.8 690.4 161.2 595.3 175.1 541.8
100001032 0.240290701389 606.5 559.2 597.3 594.1 314.2 535.2 323.4 500.4
100001032 0.211927339435 616.9 159.7 603.2 206.0 244.5 143.8 258.2 97.5
100001035 0.230599865317 585.5 313.6 572.1 363.0 220.8 300.3 234.2 250.9
100001036 0.276654303074 541.8 120.3 408.5 495.2 314.7 479.1 448.0 104.2
100001036 0.196561321616 652.1 167.0 556.5 512.0 462.3 502.1 557.9 157.1
100001039 0.307444810867 744.4 277.4 744.3 340.9 276.2 304.3 276.2 240.9
100001040 0.211501672864 861.4 303.5 507.4 568.6 431.5 522.0 785.5 256.9
100001040 0.182808205485 1062.0 -26.4 847.4 260.4 770.4 234.2 985.0 -52.6
100001043 0.325098067522 1000.4 608.4 752.6 813.5 702.4 787.1 950.2 581.9
100001043 0.302516341209 1118.9 327.2 835.0 537.6 782.0 507.3 1065.9 296.8
100001043 0.279437929392 696.4 44.1 405.8 325.3 333.9 294.9 624.4 13.8
100001043 0.226910620928 751.5 161.3 454.5 386.5 399.5 355.1 696.5 129.9
100001045 0.401539415121 1165.9 502.1 975.5 757.1 911.8 740.3 1102.2 485.3
100001045 0.346832841635 1108.4 430.0 881.8 705.0 813.2 683.5 1039.8 408.5
100001045 0.346411108971 787.5 -25.0 608.8 230.7 541.8 213.0 720.5 -42.7
100001045 0.331959336996 477.9 323.4 279.9 566.7 217.8 545.5 415.9 302.1
100001045 0.270478278399 459.0 179.6 163.3 566.4 47.4 529.5 343.1 142.7
100001045 0.195710614324 1041.0 47.2 1025.3 71.4 858.9 25.0 874.6 0.8
100001046 0.365507096052 375.6 203.4 152.9 480.4 86.8 459.8 309.4 182.8
100001046 0.325489014387 947.8 65.3 723.2 339.4 655.3 314.8 879.9 40.7
100001046 0.280140310526 764.7 -68.6 564.6 177.0 509.7 159.1 709.8 -86.5
100001046 0.273493796587 454.2 263.4 260.4 484.4 211.8 467.6 405.5 246.5
100001046 0.266928523779 848.7 386.7 522.2 813.5 406.1 770.2 732.6 343.4
100001046 0.264822572470 1030.7 125.6 837.7 347.8 787.4 329.2 980.4 106.9
100001048 0.412043690681 679.2 378.1 438.8 735.2 352.8 708.7 593.2 351.5
100001048 0.367187023163 724.4 477.6 532.4 718.7 478.4 705.8 670.5 464.7
100001048 0.351147353649 403.3 191.5 197.1 443.6 131.1 423.0 337.4 170.8
100001048 0.347960948944 981.0 43.0 746.5 381.1 661.2 355.6 895.7 17.5
100001051 0.240997970104 578.7 368.7 217.1 704.0 122.0 650.6 483.5 315.2
100001054 0.387067943811 783.6 255.1 416.3 399.7 392.2 359.8 759.5 215.2
100001054 0.205496564507 619.0 134.8 243.4 359.8 192.5 306.0 568.1 81.1
100001056 0.365271151066 720.5 192.5 508.3 462.4 442.7 441.9 654.8 172.0
100001056 0.311374425888 997.3 278.4 736.4 535.3 672.6 507.5 933.6 250.5
100001056 0.246141538024 700.8 150.5 450.2 401.4 389.6 374.7 640.2 123.8
100001056 0.206056505442 521.3 -41.0 168.5 236.9 90.4 186.1 443.2 -91.7
100001058 0.285731077194 679.1 515.5 615.4 543.4 377.0 282.2 440.8 254.3
100001059 0.352877676487 652.1 378.3 404.4 755.7 303.5 731.1 551.2 353.7
100001059 0.334242910147 588.4 318.3 337.1 636.3 248.5 609.9 499.7 291.9
100001059 0.251813411713 439.6 95.3 178.1 431.3 88.3 401.4 349.7 65.3
100001060 0.233724966645 828.3 401.5 809.0 457.4 441.3 370.9 460.6 315.0
100001065 0.277636975050 634.6 51.9 403.8 550.9 271.6 522.3 502.4 23.3
100001065 0.220164239407 245.1 383.0 181.7 555.8 145.6 548.2 209.0 375.5
100001065 0.181625977159 922.9 215.2 677.2 712.6 541.1 682.2 786.8 184.7
100001066 0.277011245489 573.6 389.0 518.5 414.6 307.2 196.0 362.4 170.4
100001067 0.284895747900 515.2 413.2 489.3 449.8 176.4 322.3 202.3 285.8
100001072 0.315396219492 949.9 380.8 947.8 426.1 583.3 397.1 585.3 351.8
100001072 0.272120654583 513.5 280.7 513.1 325.9 150.9 287.0 151.3 241.8
100001072 0.244729071856 998.1 504.9 989.6 571.1 487.0 531.0 495.4 464.7
100001073 0.320347756147 925.9 672.0 923.0 715.1 594.9 686.9 597.8 643.8
100001073 0.288719266653 525.6 257.6 522.4 303.3 174.6 267.9 177.8 222.2
100001073 0.286717593670 990.0 574.5 992.9 620.3 638.4 588.9 635.5 543.1
100001073 0.285723775625 467.2 456.8 465.3 500.1 123.3 467.7 125.2 424.4
100001073 0.235411703587 514.7 143.8 512.1 184.2 200.2 164.3 202.8 123.8
100001073 0.229921787977 432.7 563.4 428.7 604.5 110.9 575.7 114.9 534.7
100001073 0.204652026296 1103.2 227.5 1088.4 309.8 505.6 231.6 520.4 149.3
100001075 0.304569691420 446.1 566.9 444.7 616.4 61.9 578.6 63.4 529.1
100001075 0.288048952818 878.1 550.7 875.5 591.4 557.2 571.6 559.8 530.9
100001075 0.280437886715 917.1 639.6 909.3 695.2 503.7 672.3 511.5 616.7
100001076 0.198096632957 460.0 343.8 384.7 664.7 294.6 637.9 370.0 317.0
100001087 0.324088454247 794.7 469.8 794.7 527.3 359.8 527.3 359.8 469.8
100001091 0.316647589207 289.6 52.3 219.4 389.9 138.6 381.7 208.7 44.0
100001091 0.270040452480 480.0 351.8 390.3 739.2 295.7 731.9 385.4 344.5
100001092 0.190938010812 355.6 392.4 305.8 384.9 295.1 183.5 344.8 191.0
100001092 0.182665213943 720.3 746.9 660.5 737.2 644.7 504.9 704.6 514.6
100001099 0.267265319824 572.7 390.2 518.8 419.8 258.4 200.1 312.3 170.5
100001099 0.227053850889 487.3 519.8 429.6 560.5 128.6 341.0 186.3 300.3
100001099 0.226059794426 540.8 462.1 490.4 498.8 216.4 317.8 266.8 281.1
100001101 0.204933449626 486.8 227.0 197.7 394.1 163.4 348.4 452.5 181.3
100001102 0.289037078619 854.4 220.4 724.0 557.0 643.2 545.4 773.7 208.8
100001103 0.203286036849 581.4 417.8 528.0 493.9 495.6 260.3 549.0 184.3
100001106 0.289811939001 490.6 216.3 374.1 553.5 303.2 539.9 419.7 202.7
100001106 0.280171066523 578.5 262.0 462.4 625.6 384.9 610.4 501.0 246.8
100001107 0.200040742755 380.5 735.4 326.0 747.3 176.0 521.3 230.5 509.4
100001107 0.194765940309 637.8 559.1 555.9 570.2 388.3 236.3 470.3 225.2
100001108 0.226464375854 468.7 213.1 462.5 269.3 114.3 234.1 120.4 177.9
100001111 0.439992398024 462.9 125.8 144.3 332.1 93.1 300.0 411.7 93.7
100001111 0.299679845572 582.4 207.8 191.2 463.0 124.0 419.7 515.2 164.4
100001111 0.256087958813 935.3 316.1 564.6 567.2 497.7 523.9 868.5 272.8
100001111 0.252718716860 868.3 178.9 664.2 350.0 625.1 330.1 829.2 159.0
100001112 0.410297036171 963.4 556.7 646.4 775.3 600.9 738.6 917.9 520.0
100001112 0.332233995199 311.6 285.0 79.6 484.0 34.9 459.2 266.9 260.3
100001112 0.328293204308 619.7 63.0 407.5 258.5 368.5 236.8 580.7 41.4
100001112 0.245062753558 702.3 127.6 495.7 311.0 453.2 290.3 659.8 107.0
100001117 0.378863751888 463.3 225.8 375.4 603.3 294.8 591.8 382.7 214.3
100001117 0.371254295111 579.2 266.0 470.8 629.5 396.5 614.6 504.9 251.2
100001119 0.180811256170 778.1 547.6 688.3 563.3 490.1 221.8 579.9 206.1
100001120 0.397477209568 438.2 360.0 184.8 583.1 137.4 552.8 390.8 329.7
100001120 0.332359373569 710.2 164.6 504.1 303.2 479.5 279.9 685.6 141.2
100001120 0.193210870028 698.5 82.8 536.8 180.9 514.7 164.8 676.4 66.7
100001123 0.385328948498 321.3 283.6 136.7 498.6 85.6 480.7 270.1 265.6
100001123 0.376803994179 877.9 100.7 662.1 356.4 602.3 331.6 818.1 75.9
100001123 0.314974576235 581.4 570.8 410.9 764.9 371.0 746.0 541.4 551.9
100001123 0.283482134342 578.2 281.3 458.9 563.9 400.9 552.3 520.3 269.7
100001126 0.378001302481 865.0 193.3 654.6 458.9 597.5 432.2 807.9 166.7
100001126 0.343137323856 316.9 409.4 139.0 675.6 86.2 654.5 264.1 388.4
100001127 0.260870903730 495.6 304.6 288.8 581.8 228.3 547.1 435.0 269.9
100001133 0.244907557964 886.2 126.5 867.7 343.4 823.2 322.0 841.7 105.1
100001134 0.244787931442 623.2 186.6 229.0 561.2 128.7 500.4 522.9 125.8
100001141 0.236252069473 630.7 138.4 365.2 681.0 221.4 645.1 486.9 102.5
100001141 0.219282731414 271.3 711.9 105.3 834.3 60.9 808.9 226.9 686.5
100001141 0.202017992735 291.4 744.2 148.0 835.4 127.3 817.7 270.8 726.4
100001143 0.236580476165 701.5 266.8 300.4 449.2 254.6 394.8 655.7 212.4
100001144 0.279931157827 399.6 80.9 220.9 587.1 97.6 564.7 276.3 58.5
100001147 0.285816818476 725.2 443.0 667.4 719.1 602.7 714.6 660.4 438.4
100001147 0.235121086240 205.5 476.8 180.6 695.0 125.6 678.9 150.4 460.7
100001147 0.212844699621 299.2 477.7 271.9 701.6 218.2 689.4 245.5 465.5
100001147 0.208240538836 636.2 102.3 607.6 302.6 556.5 279.6 585.1 79.3
100001147 0.199689090252 723.2 56.1 692.3 291.8 636.5 282.6 667.4 46.9
100001149 0.226317152381 659.1 392.8 602.7 420.0 396.8 192.7 453.2 165.5
100001149 0.212565273046 532.5 535.7 488.5 553.8 320.5 347.6 364.5 329.6
100001149 0.200587615371 482.7 584.2 425.2 608.7 237.7 370.8 295.3 346.3
100001151 0.211315795779 340.1 520.4 330.2 544.6 162.1 491.4 172.0 467.2
100001151 0.185760989785 616.4 544.3 528.2 609.2 119.5 292.4 207.7 227.5
100001152 0.451477915049 628.6 125.9 264.1 326.4 223.5 285.9 587.9 85.4
100001152 0.353278607130 609.6 41.0 232.3 208.9 198.8 166.3 576.1 -1.5
100001152 0.256997913122 673.0 719.4 672.2 769.7 317.3 748.1 318.0 697.7
100001156 0.315329283476 572.4 23.9 487.8 302.6 427.2 293.4 511.8 14.7
100001156 0.310715764761 422.8 356.5 297.2 740.6 211.0 726.0 336.6 341.9
100001156 0.279147565365 507.2 474.0 424.9 724.8 371.6 717.6 453.8 466.8
100001156 0.258642524481 665.1 85.9 602.3 335.0 548.8 330.9 611.7 81.8
100001156 0.249365329742 823.3 525.9 733.6 832.1 663.2 822.6 752.9 516.3
100001158 0.297595709562 914.5 720.4 693.5 748.9 684.9 726.9 905.9 698.3
100001158 0.295368909836 548.4 753.2 319.8 779.8 316.4 756.5 545.1 729.8
100001158 0.198492661119 183.4 684.3 145.6 691.8 119.9 534.4 157.7 527.0
100001158 0.181826889515 952.3 274.9 899.7 263.7 881.6 57.3 934.3 68.4
100001161 0.209554761648 496.1 590.1 465.7 594.1 404.0 470.2 434.4 466.2
100001161 0.187255322933 530.9 508.1 464.6 510.5 354.3 255.2 420.6 252.7
100001164 0.194724902511 497.2 231.4 292.3 708.0 174.4 688.2 379.4 211.7
100001164 0.192644983530 556.2 762.0 508.6 838.9 482.3 829.8 529.9 752.9
100001166 0.252963066101 345.8 256.2 311.1 546.2 253.0 544.5 287.7 254.5
100001166 0.192738652229 580.3 320.5 551.4 522.9 512.3 520.7 541.1 318.4
100001171 0.318768322468 826.5 444.1 599.8 793.1 512.4 768.3 739.1 419.3
100001171 0.317617952824 764.5 83.8 674.7 226.1 645.5 218.1 735.3 75.8
100001171 0.196371719241 1071.2 202.6 1010.5 345.4 982.6 338.3 1043.3 195.5
100001171 0.188289359212 1047.3 458.9 968.0 610.9 936.3 601.2 1015.7 449.2
100001172 0.373102784157 761.6 236.0 524.4 691.9 397.5 660.2 634.7 204.3
100001172 0.291151225567 662.4 45.3 459.8 461.5 345.7 437.2 548.3 21.0
100001175 0.203513249755 896.1 342.2 858.7 618.6 795.2 614.0 832.6 337.5
100001176 0.202838093042 294.1 208.2 226.2 500.5 148.6 494.6 216.5 202.3
100001176 0.202064901590 629.0 194.1 628.0 220.2 417.7 206.6 418.7 180.5
100001177 0.270389169455 261.2 469.9 223.6 749.1 157.5 746.6 195.2 467.3
100001177 0.234766706824 325.5 92.9 280.1 356.5 217.9 351.6 263.3 88.0
100001177 0.214039459825 772.9 60.1 674.5 462.1 570.5 450.5 668.9 48.5
100001178 0.221748888493 886.9 182.8 768.9 600.2 660.6 587.2 778.6 169.8
100001178 0.209154963493 326.7 189.2 277.5 504.1 195.9 496.9 245.0 182.0
100001178 0.205782249570 414.1 231.9 383.4 510.6 314.4 503.8 345.1 225.1
100001179 0.307803004980 577.0 191.1 575.0 219.8 295.9 208.0 298.0 179.3
100001179 0.270988970995 1078.4 249.7 1077.3 275.6 821.0 263.0 822.1 237.1
100001179 0.254401594400 779.4 303.7 737.4 533.9 666.3 531.0 708.2 300.8
100001180 0.286850452423 783.5 472.4 739.8 758.9 672.4 751.3 716.1 464.8
100001180 0.265765696764 909.7 486.8 878.2 781.8 807.2 781.0 838.6 486.0
100001180 0.243357241154 969.6 51.7 928.8 342.8 860.2 335.7 901.0 44.6
100001181 0.232199594378 377.6 -22.7 292.2 309.6 205.7 301.2 291.1 -31.1
100001185 0.269700020552 908.5 128.6 598.1 632.3 448.3 585.9 758.6 82.2
100001186 0.305334001780 479.9 378.1 411.6 672.2 343.3 664.9 411.6 370.8
100001186 0.235667735338 1057.5 168.6 1001.6 420.5 947.6 416.6 1003.6 164.7
100001186 0.231710344553 924.7 163.3 859.2 394.7 809.3 388.8 874.8 157.3
100001186 0.229019924998 226.1 312.0 168.0 559.1 114.6 553.7 172.7 306.6
100001188 0.351106017828 1048.9 284.5 675.2 517.6 622.4 474.3 996.0 241.2
100001188 0.328006863594 552.2 552.8 170.1 783.7 118.3 743.1 500.5 512.2
100001198 0.263066917658 324.3 32.1 286.6 196.4 253.8 192.3 291.6 28.0
100001202 0.317268341780 1045.0 149.4 851.0 320.0 809.3 295.2 1003.2 124.7
100001202 0.190385252237 253.4 430.7 185.5 428.2 165.5 194.0 233.4 196.5
100001203 0.307828217745 458.5 368.4 226.3 559.9 188.2 530.5 420.5 339.0
100001205 0.315985202789 594.5 408.1 574.5 451.5 276.2 325.8 296.2 282.4
100001211 0.280562847853 590.6 206.6 396.5 705.4 270.9 680.1 465.0 181.3
100001211 0.227079927921 430.5 175.5 342.6 483.7 277.2 474.7 365.2 166.6
100001211 0.198488757014 844.6 380.4 765.2 671.5 702.3 662.3 781.6 371.3
100001211 0.181539744139 268.2 615.7 197.7 867.8 145.5 861.3 216.0 609.2
100001215 0.195696860552 803.0 583.4 765.3 578.5 746.7 432.8 784.4 437.7
100001220 0.331740319729 762.2 224.4 671.6 429.2 629.3 417.9 720.0 213.2
100001220 0.297524094582 266.8 359.7 185.0 586.2 143.1 579.2 224.9 352.6
100001220 0.230152860284 829.1 272.9 737.2 454.2 698.6 444.6 790.4 263.3
100001221 0.360587000847 450.9 420.6 5.4 528.1 -10.4 480.8 435.1 373.3
100001221 0.280854016542 1215.1 283.7 569.6 515.0 476.1 416.8 1121.6 185.5
100001232 0.239223405719 1053.3 500.5 863.5 620.5 839.4 600.0 1029.2 480.0
100001232 0.213252902031 656.1 560.2 517.2 603.2 174.2 129.6 313.0 86.6
100001236 0.328400403261 943.9 540.0 940.2 591.5 562.5 570.1 566.2 518.6
100001236 0.278997659683 677.1 183.9 672.9 226.6 339.0 191.6 343.2 148.9
100001237 0.373275876045 643.4 495.0 638.9 545.0 267.5 522.3 272.0 472.3
100001237 0.302115291357 502.0 592.9 490.0 624.1 242.9 597.6 254.9 566.3
100001237 0.300196349621 968.9 233.3 966.1 271.3 670.5 250.6 673.3 212.6
100001237 0.291979730129 917.4 574.0 910.5 606.4 661.5 593.3 668.4 560.8
100001237 0.290442079306 633.7 83.9 634.5 126.4 308.3 106.2 307.6 63.7
100001237 0.277514040470 910.7 654.1 903.9 687.4 652.3 666.5 659.2 633.2
100001237 0.236328482628 1002.4 347.3 976.9 530.2 932.3 527.5 957.8 344.6
100001241 0.337007611990 671.9 437.8 654.2 482.4 355.5 377.2 373.3 332.6
100001241 0.192231267691 714.9 697.3 706.8 721.0 544.7 693.8 552.8 670.1
100001244 0.312837034464 683.8 305.6 614.7 327.4 370.3 47.5 439.4 25.7
100001244 0.288745135069 1078.9 702.3 999.2 734.1 721.7 433.8 801.4 402.0
100001248 0.240413174033 283.3 204.7 199.1 520.2 137.7 509.1 221.9 193.7
100001249 0.268190354109 355.1 328.7 232.0 684.2 146.3 673.2 269.5 317.7
100001249 0.247579544783 789.4 628.1 711.3 846.5 666.3 841.2 744.4 622.9
100001249 0.210712507367 541.4 276.7 352.7 731.5 238.8 711.0 427.6 256.2
100001249 0.206473156810 1032.7 41.5 931.5 362.7 856.4 352.6 957.6 31.4
100001252 0.296344697475 867.7 226.9 708.0 664.7 600.8 642.2 760.5 204.5
100001252 0.252985835075 337.9 97.8 234.2 437.4 154.9 426.3 258.5 86.7
100001252 0.224294409156 960.4 -20.0 904.1 132.8 870.4 127.6 926.7 -25.3
100001252 0.204392075539 428.7 165.0 322.3 480.7 247.7 470.4 354.2 154.6
100001255 0.198327124119 136.7 491.6 125.6 558.9 107.4 533.8 118.6 466.5
100001257 0.235847741365 844.8 120.2 765.8 160.6 746.0 148.0 824.9 107.6
100001257 0.185260206461 906.9 395.1 506.7 770.3 393.1 706.9 793.4 331.7
100001258 0.276563823223 358.0 311.2 286.2 491.3 255.3 481.4 327.1 301.3
100001258 0.263008356094 816.1 593.7 758.1 729.8 736.2 721.5 794.2 585.5
100001258 0.241755664349 519.7 503.3 416.0 686.6 390.6 674.8 494.3 491.5
100001258 0.213476791978 399.4 771.0 373.9 799.1 222.0 658.5 247.5 630.4
100001268 0.433250486851 568.7 117.2 54.2 222.6 40.4 167.0 554.9 61.6
100001268 0.326157957315 928.8 155.2 646.2 191.8 644.2 161.8 926.8 125.2
100001268 0.301587671041 611.7 747.1 309.8 786.0 307.3 755.6 609.1 716.7
100001268 0.300328701735 912.6 67.1 588.9 109.7 584.7 77.3 908.5 34.6
100001268 0.265825390816 914.3 553.6 376.5 707.0 347.6 646.0 885.4 492.6
100001268 0.212640494108 487.3 246.9 333.4 269.5 325.3 253.7 479.2 231.2
100001269 0.427388548851 965.8 188.8 570.5 251.2 564.4 212.3 959.7 149.9
100001269 0.389143645763 457.2 341.2 112.7 394.0 107.0 357.7 451.6 304.8
100001269 0.380820363760 1072.4 557.8 677.5 610.5 675.8 569.2 1070.8 516.5
100001269 0.340728014708 633.9 754.3 275.1 795.8 272.7 758.8 631.5 717.3
100001269 0.331859499216 1101.5 655.1 701.0 712.6 696.0 669.3 1096.4 611.7
100001269 0.331349283457 625.7 652.8 220.2 705.6 218.4 662.1 623.9 609.3
100001269 0.315762013197 461.6 277.4 91.6 338.7 88.1 300.2 458.1 238.9
100001269 0.216762542725 640.4 109.7 149.1 244.6 127.4 183.7 618.6 48.8
100001270 0.376533150673 846.0 547.1 524.0 589.4 522.8 556.9 844.8 514.5
100001270 0.346437931061 614.8 108.1 265.2 425.5 180.3 383.3 529.9 65.9
100001270 0.301862210035 519.2 607.8 197.1 658.0 196.4 624.5 518.6 574.3
100001270 0.251303374767 950.6 198.6 803.9 229.1 800.6 211.6 947.2 181.1
100001270 0.211399331689 1105.6 235.1 1088.9 249.1 973.0 216.0 989.7 202.0
100001272 0.381829798222 754.3 276.4 450.6 511.5 400.9 478.5 704.6 243.4
100001272 0.342764079571 574.2 105.0 270.9 389.2 199.7 355.8 503.0 71.6
100001272 0.335689485073 842.5 429.8 509.7 644.5 468.6 605.5 801.5 390.7
100001272 0.282455146313 896.1 504.2 569.3 708.2 526.4 674.9 853.2 471.0
100001280 0.333278089762 624.3 489.8 529.0 819.7 476.0 806.4 571.3 476.5
100001280 0.279119580984 777.5 87.8 711.1 371.5 666.6 361.3 733.0 77.6
100001282 0.184528887272 804.1 378.8 739.7 377.7 716.1 152.2 780.5 153.3
100001286 0.200709521770 821.3 482.7 730.1 499.3 522.5 153.6 613.7 137.0
100001286 0.198451176286 775.0 624.0 691.0 791.1 649.3 781.2 733.3 614.2
100001288 0.223884299397 480.4 617.0 415.9 619.3 316.4 359.8 381.0 357.4
100001288 0.216339498758 808.0 458.8 722.1 466.7 568.3 121.8 654.2 114.0
100001288 0.182282403111 647.4 552.8 587.8 562.4 438.4 305.5 497.9 295.9
100001288 0.181219011545 429.0 656.5 365.2 658.4 242.8 382.5 306.6 380.6
100001301 0.305240720510 850.4 789.4 823.7 815.0 575.0 699.0 601.7 673.4
100001301 0.304470866919 599.1 296.5 563.4 323.2 331.6 174.3 367.3 147.7
100001301 0.291562259197 468.1 690.0 435.1 719.2 184.2 571.3 217.2 542.1
100001301 0.290340721607 828.7 285.4 771.2 323.9 454.6 83.7 512.1 45.2
100001305 0.259001076221 628.3 572.9 572.0 603.8 330.4 371.0 386.7 340.0
100001309 0.276504039764 602.2 249.6 228.4 315.6 219.7 262.8 593.5 196.8
100001313 0.468489378691 608.9 559.7 269.1 733.3 235.5 700.6 575.3 527.1
100001313 0.426554530859 1090.2 293.0 778.2 467.0 746.1 436.9 1058.2 262.9
100001313 0.399811744690 446.6 92.8 132.9 257.3 104.4 225.0 418.1 60.5
100001313 0.378698796034 508.3 178.5 197.5 346.8 166.2 314.7 477.0 146.5
100001315 0.294227123260 993.2 536.5 969.7 576.6 645.2 572.0 668.6 531.9
100001315 0.226101115346 650.9 484.9 650.9 581.8 86.1 581.8 86.1 484.9
100001315 0.191596344113 1041.6 686.7 1036.2 713.4 842.6 705.5 848.0 678.7
100001316 0.340158402920 1012.0 554.7 966.2 595.3 641.4 592.3 687.2 551.8
100001316 0.312947303057 509.2 551.5 509.2 587.1 166.9 587.1 166.9 551.5
100001316 0.298818975687 963.8 179.5 963.8 234.0 536.3 234.0 536.3 179.5
100001316 0.274469614029 1005.2 711.7 980.8 766.2 565.2 753.8 589.7 699.4
100001316 0.268832892179 498.6 683.9 481.0 730.8 129.5 725.8 147.0 678.9
100001322 0.222651690245 562.3 191.3 435.0 388.1 375.4 377.1 502.6 180.3
100001322 0.211402788758 686.8 243.4 592.0 427.7 538.7 419.5 633.5 235.2
100001325 0.251022696495 635.9 427.9 597.3 451.4 422.6 259.0 461.2 235.5
100001325 0.204642876983 368.9 136.7 343.3 152.3 226.7 47.2 252.4 31.5
100001326 0.419726133347 791.0 540.5 354.6 627.0 344.5 571.5 780.9 485.0
100001331 0.244710862637 1037.4 749.9 994.7 783.9 731.1 619.1 773.9 585.2
100001332 0.231529161334 464.0 480.2 413.0 543.8 51.7 335.7 102.7 272.1
100001333 0.215765431523 807.0 750.7 773.3 753.1 700.0 584.4 733.7 582.1
100001339 0.313314050436 375.0 694.7 352.8 710.9 206.3 653.9 228.5 637.7
100001339 0.301323145628 235.6 599.6 213.9 616.3 67.6 564.1 89.3 547.4
100001339 0.295809447765 547.3 799.7 527.3 819.7 359.8 744.9 379.8 724.9
100001339 0.290010243654 561.0 244.1 527.4 268.9 314.5 137.1 348.1 112.3
100001339 0.289174646139 1146.9 157.3 1058.2 345.5 1017.4 338.9 1106.2 150.7
100001339 0.281849861145 591.2 683.1 529.4 738.3 126.1 490.6 187.9 435.5
100001339 0.275648117065 968.3 387.6 941.1 412.3 713.2 286.9 740.4 262.2
100001339 0.180683016777 1165.1 39.4 1157.0 56.1 995.5 -13.9 1003.6 -30.6
100001340 0.337262868881 968.9 238.2 934.2 262.1 707.2 103.4 741.9 79.5
100001340 0.291725397110 769.9 538.9 730.9 565.9 485.9 393.1 524.8 366.1
100001340 0.285994231701 338.4 384.0 300.8 410.4 73.8 262.1 111.4 235.7
100001340 0.282588928938 734.8 612.5 698.4 644.3 427.1 483.4 463.5 451.6
100001340 0.273075550795 380.8 302.2 341.4 327.8 110.7 162.6 150.0 137.0
100001342 0.299541592598 765.3 693.4 738.8 719.1 512.9 607.7 539.4 582.0
100001342 0.285785555840 762.2 773.3 733.7 821.4 371.6 681.8 400.1 633.7
100001342 0.251575022936 361.5 583.0 329.3 603.4 149.5 476.7 181.6 456.4
100001342 0.237946674228 870.8 68.4 867.0 121.9 475.8 102.1 479.6 48.5
100001342 0.237293556333 908.9 220.4 906.0 279.5 483.1 234.0 486.1 175.0
100001342 0.208512768149 1040.5 552.0 1025.6 563.4 972.9 536.0 987.9 524.6
100001343 0.380177110434 689.8 84.4 260.8 143.2 256.3 98.2 685.2 39.4
100001343 0.230711966753 667.6 796.8 602.6 815.1 390.4 531.5 455.3 513.1
100001347 0.281082391739 865.3 384.1 830.3 401.0 669.6 263.5 704.6 246.5
100001347 0.241449311376 641.1 771.2 593.2 789.1 404.9 586.0 452.8 568.2
100001347 0.214023277164 678.1 588.3 654.6 607.7 559.5 550.0 582.9 530.6
100001347 0.210686162114 615.5 178.1 583.0 190.9 460.6 80.4 493.0 67.7
100001347 0.199273675680 891.2 316.1 859.4 330.0 722.0 194.3 753.9 180.4
100001349 0.332818537951 849.6 297.5 609.1 391.8 240.8 349.6 481.3 255.3
100001356 0.329283505678 922.5 57.8 778.2 395.1 704.9 375.9 849.1 38.7
100001356 0.287192642689 678.6 431.1 505.3 767.3 427.7 747.1 601.0 410.9
100001356 0.279009759426 501.4 22.9 412.6 141.3 386.7 132.0 475.5 13.6
100001356 0.209648996592 251.8 242.9 143.8 383.3 111.7 371.2 219.6 230.8
100001356 0.195029258728 321.6 280.9 227.0 415.7 195.6 407.8 290.2 272.9
100001356 0.188913807273 331.2 118.1 241.7 255.0 211.5 245.2 301.0 108.2
100001369 0.190548479557 677.0 569.2 620.4 586.9 457.6 361.1 514.3 343.4
100001375 0.426588296890 515.8 182.6 241.2 468.9 164.9 433.7 439.5 147.4
100001375 0.353548586369 531.0 317.3 344.9 496.9 307.6 476.3 493.7 296.6
100001375 0.323719054461 861.2 73.1 567.6 335.2 504.7 299.3 798.3 37.1
100001377 0.338709682226 452.6 161.5 372.6 478.6 309.9 468.7 389.9 151.6
100001377 0.278430819511 356.3 141.9 274.7 443.8 214.5 435.4 296.1 133.5
100001377 0.255703151226 310.0 59.2 301.3 82.5 138.6 54.3 147.4 30.9
100001377 0.233134701848 792.8 336.0 685.5 671.4 616.6 658.6 723.8 323.2
100001379 0.340726792812 291.0 366.3 209.5 664.7 155.8 653.6 237.3 355.2
100001379 0.337044954300 848.7 97.7 751.8 418.2 691.6 407.9 788.6 87.4
100001379 0.314434051514 379.6 417.3 306.1 697.0 252.5 687.8 326.0 408.2
100001379 0.269964784384 907.4 144.8 848.2 412.3 799.8 405.8 859.0 138.3
100001379 0.235326141119 525.0 33.4 467.9 304.7 416.1 299.0 473.2 27.7
100001380 0.312317162752 995.5 152.7 820.7 615.8 696.5 592.8 871.3 129.7
100001380 0.220166504383 869.3 157.7 717.4 553.0 621.4 535.6 773.3 140.3
100001381 0.230097815394 270.6 339.9 238.9 500.3 203.2 405.5 234.9 245.2
100001384 0.359288573265 555.5 250.1 379.2 603.2 308.6 579.5 484.9 226.5
100001385 0.302757173777 725.4 565.5 660.1 578.9 484.0 294.2 549.3 280.7
100001389 0.246476888657 709.6 353.7 381.1 685.6 306.2 641.4 634.7 309.4
100001389 0.180681228638 692.6 293.2 666.8 306.7 658.7 276.8 684.4 263.3
100001391 0.262269198895 1025.9 445.0 961.1 464.1 754.8 192.1 819.7 173.0
100001391 0.215470373631 610.2 746.2 554.8 760.9 376.8 511.0 432.2 496.3
100001392 0.290153086185 268.4 743.6 202.7 750.7 35.6 478.9 101.3 471.8
100001392 0.251982301474 1126.9 411.8 1093.9 449.5 789.0 310.6 822.0 272.9
100001394 0.366925567389 625.4 152.0 603.4 175.0 381.6 70.8 403.6 47.8
100001394 0.294129669666 967.0 532.5 893.9 757.0 846.6 752.1 919.8 527.5
100001394 0.270110636950 698.8 298.5 655.7 338.1 340.5 160.5 383.6 120.9
100001394 0.267389684916 819.2 776.1 797.6 802.6 556.0 700.1 577.7 673.5
100001399 0.189363375306 1015.5 69.8 972.7 139.5 955.6 134.7 998.4 65.0
100001406 0.297885775566 661.4 539.8 242.0 603.7 228.3 554.2 647.6 490.3
100001409 0.408217966557 530.7 455.9 217.3 624.1 181.1 595.7 494.6 427.5
100001410 0.467563539743 473.4 184.6 125.7 368.7 87.6 333.5 435.4 149.4
100001410 0.413817167282 843.5 41.1 491.6 192.2 466.1 156.6 818.0 5.5
100001410 0.393326044083 962.9 499.8 684.8 605.6 664.8 577.9 943.0 472.1
100001410 0.391998499632 487.4 300.9 149.1 480.3 110.3 445.3 448.5 265.8
100001410 0.369366794825 594.0 667.3 339.1 760.0 323.5 735.6 578.4 642.9
100001410 0.347873330116 887.7 133.8 532.1 307.0 495.5 269.3 851.2 96.2
100001412 0.480294138193 723.1 83.5 372.0 285.8 330.7 250.1 681.8 47.7
100001412 0.412602454424 373.4 274.6 59.9 397.5 38.5 367.5 352.0 244.6
100001412 0.378059446812 964.8 598.1 660.0 746.3 631.9 715.3 936.7 567.1
100001414 0.290284037590 690.2 464.7 568.8 689.8 527.7 674.7 649.1 449.7
100001414 0.242194220424 484.7 325.9 345.2 641.4 282.0 625.0 421.5 309.5
100001414 0.202079892159 526.1 611.5 453.8 697.9 430.5 689.4 502.8 603.0
100001416 0.311689108610 735.8 484.0 704.7 564.2 156.7 510.1 187.8 429.8
100001422 0.274481773376 820.9 66.3 639.0 87.5 616.1 71.9 798.0 50.7
100001422 0.274078279734 461.6 103.7 244.0 129.3 238.0 108.3 455.6 82.7
100001422 0.213273063302 95.4 178.1 65.7 198.5 46.8 190.2 76.5 169.8
100001422 0.211273312569 672.0 678.8 605.5 671.9 591.7 409.8 658.2 416.7
100001422 0.208210915327 989.9 627.1 924.4 621.1 879.1 364.1 944.5 370.2
100001422 0.186848953366 113.9 408.5 102.5 421.6 74.6 398.6 86.0 385.5
100001423 0.210135176778 938.6 233.2 903.9 232.9 896.5 101.5 931.2 101.8
100001424 0.283849596977 1009.4 264.2 658.4 449.0 616.5 411.0 967.4 226.2
100001427 0.229870617390 1004.0 250.2 800.2 696.5 688.9 673.7 892.7 227.3
100001427 0.206571519375 642.6 84.5 586.9 185.8 566.0 182.2 621.7 80.9
100001429 0.226430699229 303.7 503.6 281.5 695.7 245.1 693.0 267.4 501.0
100001429 0.220428884029 591.3 228.7 577.7 392.6 548.1 388.2 561.7 224.3
100001430 0.366912841797 851.0 308.7 350.3 728.0 233.6 659.3 734.4 240.0
100001431 0.297012001276 458.0 785.9 417.4 790.2 317.8 615.8 358.3 611.4
100001431 0.241697654128 739.6 643.5 693.3 644.6 609.6 450.4 655.9 449.3
100001431 0.215742215514 448.3 576.9 381.4 578.7 265.0 298.5 331.9 296.8
100001431 0.184087753296 949.6 230.1 909.1 233.1 828.8 57.7 869.3 54.7
100001433 0.298944741488 750.6 435.9 727.1 459.8 545.2 344.5 568.7 320.6
100001433 0.274304211140 378.0 542.8 357.3 566.7 177.1 460.3 197.8 436.5
100001433 0.191846027970 822.7 506.7 755.4 638.5 732.0 632.4 799.3 500.7
100001439 0.341340154409 569.5 316.9 249.0 358.8 234.4 327.6 554.8 285.8
100001440 0.237421318889 467.6 108.8 456.4 203.9 432.6 147.5 443.8 52.4
100001440 0.212537243962 392.3 257.4 347.7 289.2 329.4 99.6 374.1 67.8
100001440 0.192518487573 460.6 510.3 437.3 630.0 409.1 620.8 432.5 501.1
100001441 0.307018429041 782.3 542.1 757.9 800.8 701.3 788.4 725.6 529.7
100001441 0.277873158455 782.5 57.0 768.8 304.7 715.2 288.9 728.9 41.3
100001441 0.253003478050 221.3 636.6 55.1 685.0 38.9 663.7 205.1 615.3
100001441 0.231814697385 661.3 94.5 646.7 291.6 603.5 250.2 618.1 53.2
100001441 0.215707689524 255.4 460.7 234.7 616.8 198.0 608.6 218.7 452.6
100001442 0.284640163183 423.2 460.4 363.5 466.1 250.3 190.0 310.0 184.3
100001442 0.254638671875 361.1 506.9 298.7 517.2 161.8 223.6 224.2 213.3
100001443 0.238126128912 332.3 755.1 257.9 763.9 92.4 458.6 166.9 449.8
100001443 0.229554995894 1125.9 512.9 1044.1 527.2 865.5 207.0 947.2 192.7
100001443 0.199321702123 522.2 334.9 444.9 352.0 244.2 46.7 321.6 29.6
100001444 0.402476251125 878.1 73.8 683.1 197.7 661.4 176.0 856.3 52.1
100001444 0.325869262218 388.6 736.1 320.7 741.2 185.9 439.4 253.8 434.3
100001444 0.193596273661 763.0 520.2 704.4 520.8 613.4 277.7 672.0 277.1
100001445 0.327771484852 696.6 284.6 635.4 291.6 495.9 -0.9 557.1 -7.8
100001445 0.312017083168 864.2 640.6 806.7 644.5 698.1 377.4 755.6 373.5
100001445 0.301448523998 330.7 539.7 262.4 541.8 158.2 231.8 226.5 229.7
100001445 0.263402432203 813.3 683.2 752.5 691.5 615.2 408.2 676.0 399.9
100001448 0.211059644818 160.6 59.3 156.7 89.8 -12.2 79.9 -8.2 49.5
100001449 0.192277848721 582.6 576.6 557.2 572.6 533.1 419.1 558.6 423.1
100001449 0.186229467392 640.4 533.5 620.0 532.6 592.8 402.3 613.2 403.2
100001452 0.268660932779 564.9 712.8 508.8 720.5 366.7 503.1 422.8 495.4
100001452 0.207506746054 299.2 336.6 247.4 345.5 101.1 133.2 152.9 124.4
100001453 0.281369477510 716.1 266.1 676.2 314.0 315.3 144.3 355.2 96.4
100001453 0.264722764492 571.3 502.9 521.3 560.0 127.9 391.7 177.9 334.6
100001453 0.223013356328 1028.1 378.4 1015.3 414.1 727.4 334.2 740.3 298.5
100001453 0.208593487740 804.6 778.2 763.9 809.8 514.2 640.9 554.8 609.3
100001453 0.195828229189 952.6 262.6 935.1 286.4 747.3 230.6 764.8 206.8
100001454 0.313615351915 760.1 679.1 739.4 710.2 475.2 608.1 495.8 577.0
100001454 0.293851256371 1063.9 99.3 986.8 275.0 952.8 266.2 1030.0 90.5
100001454 0.281525492668 741.1 766.8 721.4 801.2 437.7 704.0 457.5 669.6
100001454 0.248710989952 618.1 146.5 604.3 176.6 360.5 120.6 374.4 90.4
100001454 0.243190124631 784.5 372.7 741.8 416.7 410.2 243.2 452.9 199.1
100001455 0.300943374634 604.2 220.3 582.2 256.4 289.2 141.0 311.3 104.9
100001455 0.267744928598 975.7 606.4 900.4 740.7 868.0 734.6 943.3 600.3
100001457 0.347823828459 759.1 141.0 410.5 194.4 402.7 160.0 751.4 106.6
100001457 0.320950865746 682.7 58.6 389.0 104.6 386.3 78.1 680.0 32.2
100001457 0.269061923027 703.5 745.5 679.3 789.5 335.6 686.4 359.8 642.5
100001458 0.233400881290 608.2 628.2 566.7 657.6 356.3 452.3 397.8 422.9
100001461 0.226469263434 196.1 536.7 170.9 555.8 158.9 446.8 184.1 427.8
100001465 0.329448431730 618.8 580.4 571.0 589.5 431.9 382.4 479.7 373.2
100001465 0.319493144751 382.3 283.7 328.2 293.0 177.7 54.2 231.8 44.8
100001465 0.257378637791 600.6 81.0 572.1 86.6 517.9 0.8 546.5 -4.8
100001465 0.232591375709 501.1 601.2 418.4 621.3 219.7 314.8 302.3 294.7
100001467 0.287043094635 672.4 405.2 637.5 438.3 372.7 287.0 407.6 253.9
100001467 0.283272206783 638.9 489.5 599.1 524.2 316.1 347.4 355.9 312.7
100001467 0.242287874222 525.5 685.9 493.9 716.7 263.0 598.0 294.6 567.2
100001469 0.295403420925 702.6 173.9 594.4 608.5 471.5 536.0 579.7 101.4
100001469 0.224575802684 1120.3 30.1 953.5 188.6 915.2 172.3 1081.9 13.8
100001471 0.232455953956 443.7 169.4 152.7 704.1 4.1 669.0 295.0 134.4
100001471 0.229044511914 1191.3 305.6 1140.5 394.0 558.5 245.5 609.3 157.1
100001472 0.361681669950 688.9 320.5 462.4 763.5 340.8 735.8 567.3 292.7
100001472 0.301942706108 878.3 62.9 715.4 300.4 662.2 285.9 825.0 48.4
100001472 0.238200604916 982.4 119.9 839.1 375.7 780.6 363.3 924.0 107.4
100001472 0.205238819122 504.2 -25.7 350.0 151.2 311.2 136.3 465.5 -40.7
100001477 0.239216670394 272.4 355.1 210.1 708.6 122.4 704.2 184.7 350.7
100001477 0.209369257092 970.1 30.4 927.3 323.1 857.3 318.5 900.1 25.8
100001477 0.196723446250 101.7 186.5 87.4 198.8 39.2 189.4 53.6 177.1
100001477 0.187331289053 208.9 187.2 199.5 198.8 116.1 187.0 125.5 175.4
100001481 0.265000700951 793.2 265.1 520.6 756.2 388.7 716.1 661.3 224.9
100001482 0.284595578909 800.8 236.7 707.1 598.1 627.2 584.8 720.9 223.4
100001482 0.265024960041 934.1 198.3 901.3 411.8 857.1 410.1 889.9 196.5
100001482 0.183201894164 173.1 353.9 129.6 527.2 96.3 525.5 139.8 352.2
100001483 0.416203826666 911.3 402.7 246.2 623.7 184.0 533.4 849.2 312.4
100001484 0.188809677958 695.4 536.7 623.2 533.7 567.4 241.2 639.7 244.2
100001486 0.325703263283 800.3 586.7 767.9 616.7 527.6 478.7 560.0 448.7
100001486 0.271139591932 852.3 484.3 815.2 510.1 590.8 349.4 627.8 323.7
100001486 0.218173339963 421.5 805.4 396.1 825.3 232.0 729.3 257.4 709.4
100001487 0.325081974268 1105.3 187.5 1069.5 215.3 839.5 64.3 875.2 36.6
100001487 0.223827689886 583.1 665.3 535.3 698.6 268.5 510.9 316.4 477.7
100001487 0.220690265298 726.5 407.1 699.2 425.5 533.8 310.6 561.1 292.2
100001487 0.207408428192 701.8 474.0 681.9 628.6 637.4 623.0 657.3 468.4
100001487 0.198740437627 1176.4 63.3 1162.1 83.9 970.4 7.9 984.7 -12.7
100001487 0.187750980258 557.7 222.5 517.5 242.6 357.1 111.3 397.4 91.2
100001490 0.326123446226 972.5 365.1 970.7 420.0 522.6 399.3 524.3 344.4
100001490 0.294230282307 497.6 423.4 494.8 459.5 203.5 446.9 206.2 410.7
100001490 0.226707100868 256.9 55.0 229.5 254.5 180.2 248.2 207.5 48.8
100001491 0.337419718504 933.1 564.0 926.2 605.7 589.9 595.7 596.9 554.0
100001491 0.308362990618 906.5 210.4 899.8 256.4 540.0 240.3 546.7 194.3
100001495 0.250863909721 132.4 392.4 109.3 409.8 27.5 361.3 50.6 343.9
100001495 0.198794558644 764.1 410.6 655.5 462.3 280.7 76.2 389.2 24.4
100001499 0.298904389143 966.0 352.9 917.1 373.4 725.6 171.3 774.6 150.8
100001499 0.271335601807 1035.1 259.6 986.9 275.5 812.7 69.9 860.9 53.9
100001499 0.240495547652 546.8 475.2 507.1 484.8 402.7 352.4 442.4 342.8
100001499 0.217466279864 354.3 667.9 294.0 691.8 80.1 462.0 140.5 438.1
100001499 0.198105677962 745.6 90.0 719.1 107.3 643.7 46.7 670.2 29.4
100001499 0.196864455938 498.8 534.1 444.9 675.4 407.4 667.6 461.2 526.3
100001502 0.371972709894 754.4 745.6 742.9 788.2 408.1 724.1 419.6 681.5
100001502 0.309158056974 450.4 168.4 435.9 198.6 186.8 135.7 201.3 105.5
100001502 0.276177287102 921.6 203.7 908.1 258.4 502.9 173.3 516.4 118.6
100001503 0.282773047686 889.6 105.9 879.2 144.4 556.1 65.6 566.6 27.1
100001503 0.276098310947 692.7 759.6 682.8 806.1 337.5 751.6 347.4 705.1
100001503 0.232402727008 334.8 622.2 326.2 647.8 147.6 623.1 156.3 597.6
100001503 0.225346222520 747.7 633.2 726.3 707.6 209.1 601.2 230.5 526.8
100001505 0.318066477776 639.3 469.8 443.7 493.7 338.2 480.8 533.9 456.9
100001505 0.308932006359 799.8 651.6 799.8 701.7 359.2 701.7 359.2 651.6
100001505 0.228057444096 678.2 577.6 614.4 597.2 472.9 592.7 536.7 573.1
100001505 0.227152839303 656.1 216.4 656.1 253.4 319.3 253.4 319.3 216.4
100001505 0.211095675826 688.5 132.2 476.6 154.4 457.1 132.3 669.0 110.0
100001507 0.212721854448 99.8 469.8 80.0 480.6 37.4 420.4 57.2 409.7
100001507 0.189500749111 695.6 614.7 578.8 652.9 298.9 213.5 415.6 175.2
100001507 0.182583957911 1022.1 11.8 983.6 163.6 955.0 159.7 993.5 7.9
100001509 0.274610012770 610.5 397.4 584.3 485.0 568.3 355.0 594.5 267.4
100001512 0.246941834688 339.8 211.3 338.5 243.6 26.6 227.4 27.9 195.1
100001513 0.279685080051 698.0 450.3 663.6 448.0 636.4 286.2 670.7 288.5
100001513 0.229513362050 611.3 508.6 604.0 569.4 227.1 543.9 234.4 483.1
100001513 0.210903063416 365.5 119.9 372.6 152.2 157.9 129.9 150.8 97.6
100001513 0.210720121861 626.5 230.7 624.9 262.0 435.1 251.7 436.7 220.3
100001515 0.417963087559 1018.1 396.2 612.0 564.9 580.7 521.3 986.9 352.6
100001515 0.415968865156 574.3 569.4 208.9 738.9 176.3 698.2 541.7 528.7
100001515 0.409545838833 397.8 223.9 91.2 374.5 65.6 343.5 372.1 192.9
100001515 0.395787179470 604.9 683.4 276.6 826.2 250.5 791.7 578.8 648.8
100001515 0.377073138952 864.5 26.0 565.5 185.0 539.3 154.6 838.3 -4.4
100001515 0.358248382807 1035.1 514.0 698.0 660.7 668.7 623.4 1005.8 476.7
100001517 0.441124588251 880.3 53.5 558.4 160.3 542.9 127.2 864.8 20.3
100001517 0.423823714256 495.7 193.7 183.1 336.4 150.9 305.8 463.5 163.1
100001517 0.403682827950 696.3 564.5 372.7 690.9 348.9 657.6 672.5 531.2
100001517 0.382492989302 526.1 269.3 236.7 393.9 212.5 364.6 501.9 240.0
100001517 0.351381331682 871.8 132.9 592.8 250.8 567.1 223.0 846.1 105.0
100001517 0.235964640975 1025.3 541.0 629.9 747.3 582.7 703.0 978.1 496.7
100001517 0.201249331236 143.5 257.9 91.3 254.7 28.9 57.5 81.1 60.7
100001520 0.342458814383 596.1 276.9 407.1 502.4 353.7 484.2 542.8 258.7
100001520 0.339592069387 569.5 209.2 318.0 460.9 257.8 435.5 509.3 183.7
100001520 0.305903911591 505.0 115.2 351.8 255.5 322.2 240.6 475.4 100.3
100001527 0.340913146734 693.2 247.2 324.3 621.8 214.0 575.4 582.8 200.7
100001527 0.297533094883 1047.2 165.5 812.3 370.1 762.0 344.3 996.8 139.7
100001527 0.257307767868 340.5 131.2 201.7 231.0 179.4 216.6 318.2 116.8
100001528 0.374199897051 793.2 25.3 527.5 218.3 485.9 194.0 751.7 0.9
100001528 0.367657989264 439.2 463.7 211.3 664.8 163.5 641.8 391.4 440.7
100001528 0.367618978024 374.3 357.1 116.8 548.2 73.0 522.0 330.5 330.9
100001528 0.337982743979 872.4 125.7 622.8 324.3 577.1 299.3 826.7 100.7
100001528 0.324846327305 1158.5 514.8 846.9 738.7 799.0 705.5 1110.6 481.6
100001529 0.341005474329 1007.5 463.7 716.7 733.3 650.2 701.8 941.0 432.2
100001529 0.218049302697 312.0 96.7 225.9 350.8 175.7 342.5 261.7 88.4
100001529 0.214220166206 1120.0 298.0 1076.6 430.4 1045.6 425.9 1089.0 293.5
100001531 0.300747573376 810.7 98.3 777.2 226.8 757.0 222.2 790.5 93.8
100001531 0.287623018026 296.5 200.4 192.4 552.0 122.4 540.4 226.4 188.8
100001531 0.273980081081 923.0 101.9 818.0 457.3 745.9 443.8 850.9 88.3
100001531 0.263200908899 672.7 448.5 571.4 780.1 506.5 767.6 607.8 436.0
100001531 0.258557111025 748.6 504.3 668.7 800.2 613.1 788.7 693.0 492.8
100001531 0.207474187016 499.7 102.9 342.3 471.7 272.5 452.0 430.0 83.2
100001532 0.349944084883 928.3 163.8 915.4 192.7 694.3 134.7 707.1 105.9
100001532 0.337186425924 396.9 462.0 329.2 727.6 274.9 720.6 342.6 455.0
100001532 0.319766759872 549.8 110.6 465.9 367.9 413.6 359.8 497.4 102.5
100001532 0.293531805277 632.3 126.8 563.6 384.0 515.2 376.6 583.8 119.4
100001532 0.285678833723 498.6 484.4 405.1 750.6 348.4 740.1 441.9 473.9
100001532 0.236386552453 960.0 251.6 896.1 473.3 854.1 467.0 918.1 245.3
100001533 0.243348941207 620.5 341.3 513.8 702.1 435.2 691.9 541.8 331.1
100001533 0.213634580374 557.9 124.4 543.8 140.8 468.7 109.8 482.8 93.4
100001534 0.237209349871 798.7 28.5 560.8 395.2 469.7 364.2 707.6 -2.5
100001534 0.201716765761 264.1 600.7 196.3 602.3 88.0 313.2 155.8 311.6
100001534 0.196754783392 929.7 37.3 649.9 370.4 565.7 332.9 845.5 -0.3
100001534 0.187892228365 868.2 760.6 829.9 755.8 818.9 586.0 857.2 590.8
100001537 0.182924479246 856.9 570.1 847.1 587.8 740.4 576.9 750.1 559.1
100001540 0.221980705857 704.4 297.4 403.8 533.5 353.4 481.4 653.9 245.4
100001541 0.361651808023 586.2 271.0 359.8 514.2 306.8 491.0 533.2 247.8
100001542 0.363455295563 515.1 150.4 291.4 396.8 226.7 373.9 450.4 127.5
100001542 0.288744330406 1032.5 417.0 949.6 726.7 879.1 719.2 962.0 409.5
100001542 0.222796753049 264.4 -7.2 130.5 121.7 106.4 108.7 240.3 -20.2
100001542 0.180875167251 82.9 686.1 54.1 766.1 32.2 764.9 61.0 685.0
100001543 0.343364447355 944.7 444.2 863.3 759.5 792.6 751.0 874.0 435.8
100001543 0.306291967630 332.1 567.3 329.1 599.2 79.4 573.0 82.3 541.1
100001543 0.290143638849 612.7 339.6 539.2 641.6 464.8 634.7 538.2 332.8
100001543 0.251325130463 1076.2 413.0 968.3 782.0 878.5 768.4 986.4 399.3
100001543 0.216899827123 160.9 173.3 99.6 443.7 35.4 439.0 96.7 168.6
100001544 0.284405767918 395.5 585.0 392.4 617.2 140.3 589.0 143.4 556.8
100001544 0.263102680445 1095.2 509.9 1064.7 719.7 1017.6 715.7 1048.1 505.8
100001544 0.246521964669 168.9 251.8 96.9 516.3 40.7 509.6 112.7 245.1
100001544 0.226895302534 1021.5 419.6 931.3 727.5 861.0 717.4 951.2 409.6
100001545 0.318584054708 868.7 204.9 788.3 517.8 714.1 510.4 794.5 197.5
100001545 0.312641441822 165.9 47.1 97.4 317.6 34.7 308.7 103.3 38.2
100001545 0.237992241979 321.2 84.5 202.8 444.3 112.1 432.9 230.6 73.1
100001548 0.247797951102 560.5 137.2 540.7 173.6 270.4 169.4 290.2 133.0
100001548 0.200737953186 562.9 347.4 381.8 654.8 305.2 636.5 486.3 329.1
100001549 0.248637720942 721.5 310.4 345.5 675.1 251.9 629.9 627.9 265.2
100001552 0.311259090900 983.4 364.5 825.6 826.5 714.7 807.1 872.6 345.1
100001552 0.275534689426 837.8 30.7 765.3 291.2 711.0 284.0 783.4 23.5
100001552 0.240726947784 762.9 28.5 713.6 161.4 681.2 155.4 730.5 22.5
100001552 0.235174015164 1064.6 150.8 990.7 381.9 941.9 375.1 1015.8 144.0
100001552 0.235068783164 1102.7 405.3 950.2 813.5 848.1 798.0 1000.5 389.8
100001554 0.202554419637 756.9 599.9 744.8 740.5 712.9 684.2 725.0 543.6
100001554 0.183784082532 672.5 266.1 622.4 271.5 621.0 80.7 671.1 75.3
100001554 0.180608272552 586.4 290.8 533.3 287.5 525.7 76.9 578.9 80.2
100001555 0.301811993122 829.1 30.8 684.1 52.0 603.6 42.9 748.7 21.7
100001555 0.203785613179 185.4 364.6 129.6 361.9 127.2 149.0 183.0 151.7
100001560 0.417612046003 655.7 300.7 329.3 437.2 305.2 395.9 631.6 259.4
100001561 0.205962821841 824.7 178.4 741.3 535.2 650.2 531.1 733.6 174.3
100001562 0.188948988914 739.9 177.1 533.0 580.3 433.5 550.9 640.3 147.7
100001565 0.310554593801 696.9 396.2 282.8 478.5 263.2 428.0 677.3 345.8
100001567 0.221673503518 1003.1 482.8 924.1 479.6 883.0 182.2 962.0 185.4
100001567 0.192840456963 1131.0 799.8 1091.5 814.7 960.5 673.4 1000.0 658.5
100001567 0.190184861422 605.8 663.2 588.7 703.5 572.1 602.7 589.2 562.4
100001567 0.184351772070 670.8 400.3 641.7 400.3 631.2 275.4 660.3 275.4
100001568 0.388930112123 953.9 660.1 760.7 803.3 729.8 785.9 923.1 642.7
100001568 0.349847346544 1125.7 521.3 1061.5 534.2 872.7 253.3 936.8 240.4
100001568 0.305290669203 351.1 318.1 285.0 331.0 101.5 55.9 167.5 42.9
100001568 0.266864508390 671.7 762.9 610.7 772.8 442.4 519.1 503.4 509.1
100001568 0.224947139621 349.7 336.3 323.3 350.4 271.0 286.1 297.4 272.0
100001570 0.272231549025 783.4 641.1 723.4 654.3 543.5 392.4 603.5 379.1
100001570 0.240962326527 849.1 511.1 810.7 519.4 697.8 352.3 736.2 344.1
100001573 0.242670312524 907.0 387.4 889.9 408.4 711.1 350.4 728.2 329.5
100001574 0.305423319340 767.1 430.0 715.7 463.5 449.8 251.5 501.2 218.0
100001574 0.281158328056 745.8 618.2 708.9 662.9 393.8 485.3 430.7 440.6
100001574 0.190587654710 683.9 772.0 657.9 788.9 534.7 739.6 560.7 722.7
100001574 0.181702122092 772.7 505.7 750.3 528.1 578.7 455.3 601.1 433.0
100001581 0.378935009241 1079.1 454.2 876.9 566.5 854.1 547.2 1056.2 434.9
100001581 0.286558210850 476.4 796.0 407.0 802.7 264.1 529.5 333.5 522.9
100001581 0.235848963261 636.3 257.8 583.4 260.1 473.5 51.4 526.3 49.1
100001581 0.195625454187 801.7 576.5 743.0 575.4 640.3 347.7 698.9 348.8
100001582 0.231123521924 578.5 335.3 515.0 339.8 378.6 73.0 442.1 68.5
100001583 0.310304939747 645.3 720.2 589.1 768.3 571.6 756.7 627.9 708.6
100001583 0.223114520311 884.8 295.5 819.1 338.2 497.0 75.4 562.6 32.7
100001583 0.209110245109 952.4 511.4 923.8 613.7 894.0 602.9 922.6 500.5
100001584 0.286007761955 800.0 610.3 745.6 637.8 493.2 416.4 547.6 388.9
100001584 0.215314939618 986.1 167.4 961.2 185.2 806.7 111.5 831.6 93.6
100001584 0.200408563018 856.1 500.7 798.9 534.6 532.7 315.8 589.9 281.9
100001591 0.305162370205 394.7 157.9 157.0 317.2 127.8 296.6 365.4 137.3
100001591 0.284010380507 909.9 317.9 674.3 456.9 646.5 434.4 882.1 295.5
100001592 0.243744462729 901.8 432.9 673.2 543.1 651.4 521.9 879.9 411.7
100001594 0.279421865940 562.3 445.9 546.2 467.8 378.7 404.5 394.9 382.6
100001594 0.267041981220 295.2 726.8 272.1 753.7 112.8 665.5 135.9 638.5
100001594 0.229334384203 580.9 366.2 559.9 392.5 371.1 284.2 392.1 257.9
100001594 0.187197998166 497.9 443.4 481.1 466.7 346.5 419.7 363.3 396.3
100001595 0.221120759845 680.7 492.1 639.6 497.5 546.6 327.9 587.7 322.5
100001596 0.186839923263 593.0 364.2 588.0 401.2 316.5 356.3 321.5 319.3
100001597 0.282794624567 843.1 360.9 814.8 384.3 623.8 259.3 652.0 236.0
100001597 0.260219037533 595.6 641.8 572.5 666.9 374.5 546.0 397.5 520.9
100001597 0.252496570349 827.7 244.3 806.4 264.1 648.7 174.9 670.0 155.1
100001597 0.238653078675 562.9 500.1 542.5 523.6 370.1 445.3 390.6 421.8
100001602 0.324698835611 367.5 363.8 274.3 641.8 228.2 625.2 321.5 347.2
100001602 0.232499092817 110.1 286.4 65.4 425.8 41.0 418.8 85.8 279.3
100001602 0.187766298652 284.8 282.3 281.6 310.6 139.5 293.8 142.7 265.4
100001608 0.287445753813 729.2 91.8 670.9 427.4 584.4 417.0 642.7 81.4
100001608 0.225520044565 235.2 460.3 189.4 733.3 125.5 727.5 171.2 454.5
100001608 0.212961241603 781.3 498.0 742.6 727.1 690.5 724.6 729.2 495.6
100001608 0.189021214843 465.6 212.2 371.6 589.1 281.1 580.1 375.1 203.2
100001609 0.252847760916 1074.1 151.2 595.6 453.8 520.2 387.6 998.7 85.0
100001610 0.332114100456 444.8 187.0 237.6 354.8 210.1 327.2 417.2 159.3
100001610 0.225467562675 458.9 303.8 446.9 323.8 391.4 309.0 403.4 289.0
100001613 0.394893169403 753.0 53.5 364.0 169.0 344.1 125.3 733.1 9.7
100001613 0.325685024261 1085.3 510.9 892.3 764.4 829.9 745.4 1022.9 491.9
100001613 0.308333069086 1031.1 441.6 832.6 712.7 760.0 690.6 958.5 419.5
100001615 0.386780053377 419.5 128.6 182.6 424.5 110.6 396.7 347.5 100.8
100001615 0.374861657619 881.0 503.1 670.2 717.9 626.0 694.1 836.7 479.2
100001615 0.304556131363 791.4 457.7 615.8 654.9 576.6 636.4 752.2 439.2
100001616 0.378059953451 222.4 89.2 72.5 281.4 29.6 266.8 179.5 74.6
100001616 0.376094758511 936.6 58.1 728.6 290.8 678.3 269.5 886.3 36.8
100001616 0.339052587748 998.2 153.2 816.4 335.8 771.6 315.3 953.4 132.7
100001616 0.292130738497 634.9 355.1 432.0 630.2 368.1 606.7 571.0 331.6
100001616 0.285594016314 304.1 146.4 122.4 348.9 74.6 331.3 256.2 128.9
100001628 0.296469330788 272.5 499.1 233.9 520.9 36.4 356.0 75.1 334.1
100001628 0.262498617172 950.5 392.0 908.9 427.7 639.3 271.1 680.9 235.3
100001628 0.248563066125 183.9 318.5 162.1 337.1 53.3 289.5 75.0 270.9
100001633 0.378652125597 756.9 206.4 302.2 277.0 269.7 231.1 724.3 160.5
100001635 0.255885004997 545.7 461.1 514.3 733.7 450.8 727.3 482.2 454.7
100001635 0.249723210931 648.3 56.5 607.3 326.1 544.0 322.3 585.1 52.7
100001635 0.237936004996 188.7 436.0 157.8 732.2 89.9 721.1 120.7 424.9
100001636 0.334755033255 523.2 153.2 309.2 260.2 293.6 234.6 507.6 127.6
100001638 0.294005453587 1063.2 520.2 985.2 526.4 851.6 208.8 929.6 202.6
100001638 0.253236442804 980.7 562.8 911.8 578.4 731.8 296.4 800.7 280.9
100001638 0.226057186723 276.6 107.7 247.4 113.4 189.8 18.2 218.9 12.4
100001638 0.212866455317 276.3 278.5 221.1 284.6 100.7 52.8 156.0 46.7
100001639 0.272685199976 763.3 441.3 711.0 446.8 601.1 218.4 653.4 212.9
100001639 0.224831238389 695.4 481.7 639.2 491.7 507.8 252.5 564.0 242.5
100001642 0.305768072605 504.4 758.2 482.0 786.2 259.1 660.0 281.5 631.9
100001642 0.266210198402 807.3 480.7 745.2 491.8 608.9 232.2 671.0 221.1
100001642 0.256536632776 227.8 194.5 220.9 308.4 190.6 298.5 197.5 184.6
100001642 0.245438531041 670.5 209.8 636.0 216.4 567.4 80.2 601.8 73.6
100001642 0.200545847416 407.3 786.8 386.2 809.6 236.0 732.2 257.1 709.4
100001642 0.186797335744 476.9 129.9 416.6 158.7 400.4 146.7 460.7 117.8
100001644 0.252453565598 661.6 447.2 604.4 476.3 361.6 227.1 418.8 198.0
100001644 0.243586599827 541.8 520.7 493.2 548.0 269.0 343.0 317.5 315.7
100001644 0.203919440508 76.5 739.8 54.2 756.3 -1.3 709.8 21.0 693.3
100001645 0.254474043846 528.6 202.8 264.0 473.9 182.1 443.1 446.7 172.0
100001646 0.345696240664 481.2 243.4 243.7 500.9 195.5 464.6 433.1 207.1
100001649 0.252187073231 574.3 38.3 517.6 285.2 460.9 280.1 517.6 33.3
100001649 0.210722282529 871.2 64.3 858.3 89.2 707.9 71.5 720.9 46.7
100001652 0.328667223454 358.2 126.7 137.8 167.3 132.7 142.3 353.2 101.7
100001652 0.233083441854 617.3 641.6 551.8 635.3 501.7 357.7 567.2 364.0
100001652 0.203396886587 454.4 321.3 407.9 313.6 389.9 111.0 436.4 118.7
100001652 0.191775649786 910.5 637.4 855.7 630.4 817.2 394.6 872.0 401.6
100001652 0.190144851804 175.6 762.5 112.1 755.7 59.5 498.1 122.9 505.0
100001658 0.222665891051 627.4 170.8 515.1 525.7 440.9 511.1 553.3 156.2
100001659 0.196308761835 674.4 398.2 640.9 652.7 581.2 630.3 614.7 375.8
100001659 0.190439835191 1008.1 293.8 955.8 292.9 948.1 83.8 1000.4 84.6
100001659 0.187014520168 1025.0 443.9 1011.1 510.4 964.2 478.8 978.1 412.3
100001662 0.280648976564 1176.9 575.4 1128.5 595.2 907.5 398.8 955.9 379.0
100001662 0.277704387903 1140.0 657.1 1085.1 679.8 849.1 466.1 904.0 443.5
100001662 0.274257332087 745.4 232.9 699.3 257.0 464.2 79.8 510.3 55.7
100001664 0.316006958485 853.5 586.4 766.5 741.0 729.0 732.3 816.0 577.7
100001664 0.281285971403 661.9 772.6 628.9 790.3 448.4 641.0 481.4 623.4
100001664 0.259526133537 571.0 227.5 533.7 253.0 315.7 84.8 353.0 59.4
100001667 0.207525163889 663.6 134.6 575.4 394.4 516.4 381.3 604.6 121.5
100001672 0.399134725332 996.1 57.7 849.7 587.2 733.2 565.8 879.6 36.3
100001672 0.302300989628 809.5 535.8 749.0 794.7 700.2 788.9 760.6 530.0
100001672 0.273117601871 864.7 29.2 716.4 494.9 615.3 476.0 763.5 10.4
100001672 0.215398892760 564.9 749.4 561.7 785.2 315.6 749.7 318.8 713.9
100001673 0.305962502956 709.7 263.6 593.9 649.1 507.9 635.4 623.6 249.9
100001673 0.242277547717 612.6 266.3 478.2 640.8 394.2 623.4 528.7 248.9
100001673 0.235106915236 284.3 149.1 145.8 531.0 59.1 513.5 197.6 131.6
100001674 0.307872712612 334.1 23.2 233.6 409.7 149.6 396.3 250.1 9.8
100001674 0.266985118389 637.6 209.6 596.1 377.7 563.0 372.6 604.5 204.6
100001674 0.239329501987 749.5 202.8 633.7 605.3 545.9 591.2 661.7 188.7
100001675 0.196341976523 372.7 256.6 221.3 631.6 123.3 616.1 274.7 241.1
100001675 0.190910249949 174.8 782.9 160.7 845.6 146.3 788.3 160.5 725.5
